object FormThread: TFormThread
  Left = 0
  Top = 0
  Caption = 'Threads101'
  ClientHeight = 568
  ClientWidth = 356
  Padding.Left = 5.000000000000000000
  Padding.Top = 5.000000000000000000
  Padding.Right = 5.000000000000000000
  Padding.Bottom = 5.000000000000000000
  FormFactor.Width = 320
  FormFactor.Height = 480
  FormFactor.Devices = [Desktop]
  DesignerMasterStyle = 0
  object BtnStartThread: TButton
    Align = MostTop
    Margins.Left = 3.000000000000000000
    Margins.Top = 3.000000000000000000
    Margins.Right = 3.000000000000000000
    Margins.Bottom = 3.000000000000000000
    Position.X = 8.000000000000000000
    Position.Y = 8.000000000000000000
    Size.Width = 340.000000000000000000
    Size.Height = 41.000000000000000000
    Size.PlatformDefault = False
    TabOrder = 0
    Text = 'StartThread'
    OnClick = BtnStartThreadClick
  end
  object Label1: TLabel
    Align = MostTop
    Margins.Left = 3.000000000000000000
    Margins.Top = 3.000000000000000000
    Margins.Right = 3.000000000000000000
    Margins.Bottom = 3.000000000000000000
    Position.X = 8.000000000000000000
    Position.Y = 55.000000000000000000
    Size.Width = 340.000000000000000000
    Size.Height = 32.000000000000000000
    Size.PlatformDefault = False
    Text = 'Label1'
    TabOrder = 1
  end
  object Label2: TLabel
    Align = MostTop
    Margins.Left = 3.000000000000000000
    Margins.Top = 3.000000000000000000
    Margins.Right = 3.000000000000000000
    Margins.Bottom = 3.000000000000000000
    Position.X = 8.000000000000000000
    Position.Y = 93.000000000000000000
    Size.Width = 340.000000000000000000
    Size.Height = 31.000000000000000000
    Size.PlatformDefault = False
    Text = 'Label2'
    TabOrder = 2
  end
end
